Vertex Count: 852

Data:

109.888 99.6648 -95.9551 0.87865 0.299118 -1.52986 0.377642 -99.9876
109.826 71.7543 -96.2221 0.840768 0.298315 -2.19466 0.961426 -99.9713
85.6447 72.0497 -95.6884 0.841999 0.265877 -1.63695 0.471673 -99.9855
109.888 99.6648 -95.9551 0.87865 0.299118 -1.52986 0.377642 -99.9876
85.6447 72.0497 -95.6884 0.841999 0.265877 -1.63695 0.471673 -99.9855
85.5794 99.7853 -95.7191 0.879245 0.26629 -0.971327 -0.112774 -99.9952
110.29 98.9425 87.7501 0.874916 0.549719 4.52931 99.8973 -0.151132
109.888 99.6648 -95.9551 0.87865 0.299118 0.499706 99.998 0.392055
85.5794 99.7853 -95.7191 0.911807 0.299861 0.863147 99.9957 0.343094
110.29 98.9425 87.7501 0.874916 0.549719 4.52931 99.8973 -0.151132
85.5794 99.7853 -95.7191 0.911807 0.299861 0.863147 99.9957 0.343094
86.2701 100.12 87.7502 0.907722 0.550135 4.89826 99.8798 -0.200904
110.478 72.7542 87.2271 0.839658 0.548696 99.9977 0.633546 -0.228888
109.826 71.7543 -96.2221 0.840768 0.298315 99.9991 -0.219392 -0.354201
109.888 99.6648 -95.9551 0.87865 0.299118 99.9993 -0.134556 -0.341738
110.478 72.7542 87.2271 0.839658 0.548696 99.9977 0.633546 -0.228888
109.888 99.6648 -95.9551 0.87865 0.299118 99.9993 -0.134556 -0.341738
110.29 98.9425 87.7501 0.874916 0.549719 99.9972 0.722866 -0.215763
85.3277 73.6006 -93.3259 0.842764 0.262927 -98.9086 -14.2025 -3.92235
85.2873 98.471 -93.2849 0.877415 0.262873 -99.1118 12.1934 -5.30776
85.5794 99.7853 -95.7191 0.879245 0.26629 -99.404 7.09798 -8.27407
85.3277 73.6006 -93.3259 0.842764 0.262927 -98.9086 -14.2025 -3.92235
85.5794 99.7853 -95.7191 0.879245 0.26629 -99.404 7.09798 -8.27407
85.6447 72.0497 -95.6884 0.841999 0.265877 -99.2738 -9.91664 -6.81049
86.2196 72.3418 -80.8571 0.831661 0.255674 -96.4168 -26.186 4.25326
85.3277 73.6006 -93.3259 0.842764 0.262927 -98.9086 -14.2025 -3.92235
85.6447 72.0497 -95.6884 0.841999 0.265877 -99.2738 -9.91664 -6.81049
85.2943 98.5147 -65.4414 0.913036 0.34124 -98.6967 16.0908 0.207193
85.5794 99.7853 -95.7191 0.911807 0.299861 -99.404 7.09798 -8.27407
85.2873 98.471 -93.2849 0.913602 0.30321 -99.1118 12.1934 -5.30776
85.3271 98.5222 55.6879 0.910818 0.506427 -94.5946 32.4294 -0.440473
86.2701 100.12 87.7502 0.907722 0.550135 -97.1529 15.5883 17.8415
85.5794 99.7853 -95.7191 0.911807 0.299861 -99.404 7.09798 -8.27407
85.3271 98.5222 55.6879 0.910818 0.506427 -94.5946 32.4294 -0.440473
85.5794 99.7853 -95.7191 0.911807 0.299861 -99.404 7.09798 -8.27407
85.2943 98.5147 -65.4414 0.913036 0.34124 -98.6967 16.0908 0.207193
85.7458 92.6036 37.0176 0.918036 0.481406 -99.9821 -1.89187 0.0128126
85.3271 98.5222 55.6879 0.910818 0.506427 -94.5946 32.4294 -0.440473
85.2943 98.5147 -65.4414 0.913036 0.34124 -98.6967 16.0908 0.207193
85.7458 92.6036 37.0176 0.918036 0.481406 -99.9821 -1.89187 0.0128126
85.2943 98.5147 -65.4414 0.913036 0.34124 -98.6967 16.0908 0.207193
84.8824 84.2467 -64.4305 0.932483 0.342878 -99.95 3.10434 0.594863
85.3271 98.5222 55.6879 0.910818 0.506427 -94.5946 32.4294 -0.440473
85.3313 98.7495 84.1954 0.910052 0.545315 -92.9214 35.3031 10.9227
86.2701 100.12 87.7502 0.907722 0.550135 -97.1529 15.5883 17.8415
85.7458 92.6036 37.0176 0.918036 0.481406 -99.9821 -1.89187 0.0128126
85.3277 93.5379 55.3139 0.917622 0.506008 -99.9736 0.158961 -2.29241
85.3271 98.5222 55.6879 0.910818 0.506427 -94.5946 32.4294 -0.440473
85.2197 84.5882 37.7701 0.930147 0.482246 -99.7829 6.57826 0.30725
85.7458 92.6036 37.0176 0.918036 0.481406 -99.9821 -1.89187 0.0128126
84.8824 84.2467 -64.4305 0.932483 0.342878 -99.95 3.10434 0.594863
85.5375 72.186 87.876 0.838767 0.58139 1.40427 -0.828797 99.9867
110.478 72.7542 87.2271 0.839658 0.548696 2.64521 -1.97695 99.9455
110.29 98.9425 87.7501 0.874916 0.549719 1.23794 -0.67492 99.9901
85.5375 72.186 87.876 0.838767 0.58139 1.40427 -0.828797 99.9867
110.29 98.9425 87.7501 0.874916 0.549719 1.23794 -0.67492 99.9901
86.2701 100.12 87.7502 0.875353 0.581658 0.0225402 0.44946 99.999
85.3277 73.5905 84.1763 0.838364 0.585143 -97.7396 -20.5091 5.13214
85.5375 72.186 87.876 0.838767 0.58139 -99.6912 -7.30581 2.8798
86.2701 100.12 87.7502 0.875353 0.581658 -97.1529 15.5883 17.8415
85.3277 73.5905 84.1763 0.838364 0.585143 -97.7396 -20.5091 5.13214
86.2701 100.12 87.7502 0.875353 0.581658 -97.1529 15.5883 17.8415
85.3313 98.7495 84.1954 0.873227 0.586668 -92.9214 35.3031 10.9227
85.9259 72.0296 83.9689 0.835283 0.582658 -96.8272 -20.9812 13.5753
85.5375 72.186 87.876 0.838767 0.58139 -99.6912 -7.30581 2.8798
85.3277 73.5905 84.1763 0.838364 0.585143 -97.7396 -20.5091 5.13214
85.9259 72.0296 83.9689 0.835283 0.582658 -96.8272 -20.9812 13.5753
85.3277 73.5905 84.1763 0.838364 0.585143 -97.7396 -20.5091 5.13214
84.9148 73.2684 80.385 0.831661 0.591141 -96.6243 -8.37845 24.3627
108.765 71.4581 84.1089 0.834894 0.551087 37.7038 -91.2788 15.7035
110.478 72.7542 87.2271 0.839658 0.548696 24.2278 -93.6946 25.1858
85.5375 72.186 87.876 0.838767 0.58139 -1.97484 -99.7287 7.09164
108.765 71.4581 84.1089 0.834894 0.551087 37.7038 -91.2788 15.7035
85.5375 72.186 87.876 0.838767 0.58139 -1.97484 -99.7287 7.09164
85.9259 72.0296 83.9689 0.835283 0.582658 -2.52254 -99.8979 3.74725
108.311 71.4551 55.7928 0.836648 0.50575 44.4019 -89.5962 -1.0003
110.478 72.7542 87.2271 0.839658 0.548696 24.2278 -93.6946 25.1858
108.765 71.4581 84.1089 0.836767 0.544411 37.7038 -91.2788 15.7035
108.311 71.4551 55.7928 0.836648 0.50575 44.4019 -89.5962 -1.0003
109.826 71.7543 -96.2221 0.840768 0.298315 6.81738 -99.3475 -9.14321
110.478 72.7542 87.2271 0.839658 0.548696 24.2278 -93.6946 25.1858
108.311 71.4551 55.7928 0.836648 0.50575 44.4019 -89.5962 -1.0003
108.504 71.3998 -65.0077 0.838486 0.340885 19.5241 -98.0755 0.0787862
109.826 71.7543 -96.2221 0.840768 0.298315 6.81738 -99.3475 -9.14321
104.932 71.3964 27.0092 0.833236 0.467344 1.535 -99.9882 0.0035738
108.311 71.4551 55.7928 0.836648 0.50575 44.4019 -89.5962 -1.0003
105.188 70.2046 55.0903 0.832066 0.50475 37.9701 -92.4124 -4.26854
104.932 71.3964 27.0092 0.833236 0.467344 1.535 -99.9882 0.0035738
108.504 71.3998 -65.0077 0.838486 0.340885 19.5241 -98.0755 0.0787862
108.311 71.4551 55.7928 0.836648 0.50575 44.4019 -89.5962 -1.0003
108.504 71.3998 -65.0077 0.838486 0.340885 19.5241 -98.0755 0.0787862
108.573 71.3892 -92.8475 0.838943 0.302902 16.931 -98.4594 -4.36796
109.826 71.7543 -96.2221 0.840768 0.298315 6.81738 -99.3475 -9.14321
87.4025 71.4584 -93.3552 0.838876 0.266765 -19.5846 -97.6027 -9.49546
86.2196 72.3418 -80.8571 0.831661 0.255674 -35.686 -93.3602 3.2221
85.6447 72.0497 -95.6884 0.841999 0.265877 -15.6892 -97.903 -12.9942
87.4025 71.4584 -93.3552 0.838876 0.266765 -19.5846 -97.6027 -9.49546
85.6447 72.0497 -95.6884 0.841999 0.265877 -15.6892 -97.903 -12.9942
109.826 71.7543 -96.2221 0.840768 0.298315 6.81738 -99.3475 -9.14321
87.4025 71.4584 -93.3552 0.838876 0.266765 -19.5846 -97.6027 -9.49546
109.826 71.7543 -96.2221 0.840768 0.298315 6.81738 -99.3475 -9.14321
108.573 71.3892 -92.8475 0.836153 0.296245 16.931 -98.4594 -4.36796
-85.0478 86.2598 -47.9284 0.603811 0.35311 99.9994 0.298934 0.178996
-85.0671 93.0453 -48.5115 0.615729 0.350177 99.9874 1.58803 0.049278
-85.2257 84.2256 54.8737 0.605261 0.490766 99.9999 -0.000539805 0.153436
-85.0671 93.0453 -48.5115 0.615729 0.350177 99.9874 1.58803 0.049278
-85.2251 98.5222 55.6879 0.624771 0.491635 94.494 32.7238 0.211709
-85.2257 84.2256 54.8737 0.605261 0.490766 99.9999 -0.000539805 0.153436
-85.0671 93.0453 -48.5115 0.615729 0.350177 99.9874 1.58803 0.049278
-85.1923 98.5147 -65.4415 0.622713 0.326447 98.6937 16.1104 -0.0722735
-85.2251 98.5222 55.6879 0.624771 0.491635 94.494 32.7238 0.211709
-85.0671 93.0453 -48.5115 0.615729 0.350177 99.9874 1.58803 0.049278
-85.1291 93.1228 -64.3863 0.615377 0.327977 99.9933 1.09534 -0.385546
-85.1923 98.5147 -65.4415 0.622713 0.326447 98.6937 16.1104 -0.0722735
-85.2251 98.5222 55.6879 0.624771 0.491635 94.494 32.7238 0.211709
-85.1923 98.5147 -65.4415 0.622713 0.326447 98.6937 16.1104 -0.0722735
-85.4774 99.7853 -95.7191 0.62398 0.285128 99.4042 7.09651 -8.27322
-85.2294 98.7495 84.1954 0.624584 0.533565 92.9215 35.303 10.9223
-85.2251 98.5222 55.6879 0.624771 0.491635 94.494 32.7238 0.211709
-86.1681 100.12 87.7502 0.628177 0.53493 97.153 15.5882 17.8409
-85.2251 98.5222 55.6879 0.624771 0.491635 94.494 32.7238 0.211709
-85.4774 99.7853 -95.7191 0.62398 0.285128 99.4042 7.09651 -8.27322
-86.1681 100.12 87.7502 0.628177 0.53493 97.153 15.5882 17.8409
-85.4774 99.7853 -95.7191 0.62398 0.285128 99.4042 7.09651 -8.27322
-85.1923 98.5147 -65.4415 0.622713 0.326447 98.6937 16.1104 -0.0722735
-85.1854 98.471 -93.2849 0.622184 0.28847 99.112 12.1914 -5.30839
-85.2257 73.5905 84.1763 0.624667 0.570584 97.8153 -20.514 3.36862
-85.2294 98.7495 84.1954 0.624584 0.533565 92.9215 35.303 10.9223
-86.1681 100.12 87.7502 0.628177 0.53493 97.153 15.5882 17.8409
-85.2257 73.5905 84.1763 0.624667 0.570584 97.8153 -20.514 3.36862
-86.1681 100.12 87.7502 0.628177 0.53493 97.153 15.5882 17.8409
-85.4356 72.186 87.8759 0.628546 0.570425 99.6912 -7.30565 2.88008
-85.8239 72.0296 83.9689 0.627177 0.573784 97.2149 -22.9443 4.77669
-84.353 73.3877 72.082 0.603811 0.591141 99.3051 -2.87868 11.4115
-85.2257 73.5905 84.1763 0.624667 0.570584 97.8153 -20.514 3.36862
-85.8239 72.0296 83.9689 0.627177 0.573784 97.2149 -22.9443 4.77669
-85.2257 73.5905 84.1763 0.624667 0.570584 97.8153 -20.514 3.36862
-85.4356 72.186 87.8759 0.628546 0.570425 99.6912 -7.30565 2.88008
-85.2251 98.5222 55.6879 0.598531 0.501485 -0.16487 5.79297 -99.8319
85.3271 98.5222 55.6879 0.366954 0.501884 0.523161 7.861 -99.6892
60.7268 93.1468 55.1349 0.399512 0.495041 0.110963 6.22711 -99.8059
85.3271 98.5222 55.6879 0.366954 0.501884 0.523161 7.861 -99.6892
85.3277 93.5379 55.3139 0.366942 0.495097 0.606631 7.48197 -99.7179
60.7268 93.1468 55.1349 0.399512 0.495041 0.110963 6.22711 -99.8059
60.7796 84.1974 55.2752 0.400251 0.482356 0.274663 -1.56582 -99.9874
-85.2257 84.2256 54.8737 0.598499 0.482041 -0.151568 5.40351 -99.8538
60.7268 93.1468 55.1349 0.399512 0.495041 0.110963 6.22711 -99.8059
-85.2251 98.5222 55.6879 0.598531 0.501485 -0.16487 5.79297 -99.8319
60.7268 93.1468 55.1349 0.399512 0.495041 0.110963 6.22711 -99.8059
-85.2257 84.2256 54.8737 0.598499 0.482041 -0.151568 5.40351 -99.8538
-85.1854 98.471 -93.2849 0.586813 0.244867 -0.0035765 0.140582 -99.9999
85.2873 98.471 -93.2849 0.355366 0.241637 3.49662e-06 0.165032 -99.9999
85.3277 73.6006 -93.3259 0.355782 0.20787 -0.000363131 0.162528 -99.9999
-85.1854 98.471 -93.2849 0.586813 0.244867 -0.0035765 0.140582 -99.9999
85.3277 73.6006 -93.3259 0.355782 0.20787 -0.000363131 0.162528 -99.9999
-85.2257 73.4008 -93.3195 0.587343 0.210831 -0.00393971 0.138101 -99.9999
85.3313 98.7495 84.1954 0.367015 0.540593 0 99.9968 -0.797187
85.3271 98.5222 55.6879 0.366954 0.501884 0 99.9968 -0.797187
-85.2251 98.5222 55.6879 0.598531 0.501485 0 99.9968 -0.797188
85.3313 98.7495 84.1954 0.367015 0.540593 0 99.9968 -0.797187
-85.2251 98.5222 55.6879 0.598531 0.501485 0 99.9968 -0.797188
-85.2294 98.7495 84.1954 0.598604 0.540194 0 99.9968 -0.797188
-109.786 99.6648 -95.9551 0.656927 0.284301 1.52988 0.377629 -99.9876
-85.4774 99.7853 -95.7191 0.62398 0.285128 0.971353 -0.11273 -99.9952
-85.5427 72.0497 -95.6885 0.623522 0.247971 1.63696 0.471648 -99.9855
-109.786 99.6648 -95.9551 0.656927 0.284301 1.52988 0.377629 -99.9876
-85.5427 72.0497 -95.6885 0.623522 0.247971 1.63696 0.471648 -99.9855
-109.724 71.7543 -96.2221 0.655879 0.246718 2.19465 0.961344 -99.9713
-110.188 98.9425 87.7501 0.660132 0.534968 -4.52933 99.8973 -0.151133
-86.1681 100.12 87.7502 0.628177 0.53493 -4.89828 99.8798 -0.200905
-85.4774 99.7853 -95.7191 0.62398 0.285128 -0.863149 99.9957 0.343095
-110.188 98.9425 87.7501 0.660132 0.534968 -4.52933 99.8973 -0.151133
-85.4774 99.7853 -95.7191 0.62398 0.285128 -0.863149 99.9957 0.343095
-109.786 99.6648 -95.9551 0.656927 0.284301 -0.499706 99.998 0.392055
-110.376 72.7542 87.2271 0.69589 0.533941 -99.9977 0.633547 -0.228888
-110.188 98.9425 87.7501 0.660132 0.534968 -99.9972 0.722867 -0.215763
-109.786 99.6648 -95.9551 0.656927 0.284301 -99.9993 -0.134557 -0.341747
-110.376 72.7542 87.2271 0.69589 0.533941 -99.9977 0.633547 -0.228888
-109.786 99.6648 -95.9551 0.656927 0.284301 -99.9993 -0.134557 -0.341747
-109.724 71.7543 -96.2221 0.695051 0.283417 -99.9991 -0.219392 -0.354211
-85.4774 99.7853 -95.7191 0.62398 0.285128 99.4042 7.09651 -8.27322
-85.1854 98.471 -93.2849 0.620577 0.283301 99.112 12.1914 -5.30839
-85.2257 73.4008 -93.3195 0.620645 0.248494 98.559 -16.4928 -3.75668
-85.2257 73.4008 -93.3195 0.620645 0.248494 98.559 -16.4928 -3.75668
-86.1182 72.2308 -81.0499 0.613821 0.237363 95.4272 -29.6089 4.11813
-85.5427 72.0497 -95.6885 0.623522 0.247971 99.2007 -10.1654 -7.47629
-85.4774 99.7853 -95.7191 0.62398 0.285128 99.4042 7.09651 -8.27322
-85.2257 73.4008 -93.3195 0.620645 0.248494 98.559 -16.4928 -3.75668
-85.5427 72.0497 -95.6885 0.623522 0.247971 99.2007 -10.1654 -7.47629
-110.188 98.9425 87.7501 0.660132 0.534968 -1.23793 -0.674888 99.9901
-110.376 72.7542 87.2271 0.66074 0.569374 -2.64521 -1.97694 99.9455
-85.4356 72.186 87.8759 0.628546 0.570425 -1.40425 -0.828767 99.9867
-110.188 98.9425 87.7501 0.660132 0.534968 -1.23793 -0.674888 99.9901
-85.4356 72.186 87.8759 0.628546 0.570425 -1.40425 -0.828767 99.9867
-86.1681 100.12 87.7502 0.628177 0.53493 -0.0225162 0.449504 99.999
-108.663 71.4581 84.1089 0.658392 0.574097 -37.7035 -91.2789 15.7035
-85.8239 72.0296 83.9689 0.627177 0.573784 2.52252 -99.8979 3.74725
-85.4356 72.186 87.8759 0.628546 0.570425 1.97483 -99.7287 7.09162
-108.663 71.4581 84.1089 0.658392 0.574097 -37.7035 -91.2789 15.7035
-85.4356 72.186 87.8759 0.628546 0.570425 1.97483 -99.7287 7.09162
-110.376 72.7542 87.2271 0.66074 0.569374 -24.2277 -93.6947 25.1857
-110.376 72.7542 87.2271 0.69589 0.533941 -24.2277 -93.6947 25.1857
-108.209 71.4551 55.7928 0.698947 0.490987 -34.334 -93.921 0.152047
-108.663 71.4581 84.1089 0.698787 0.529658 -37.7035 -91.2789 15.7035
-109.724 71.7543 -96.2221 0.695051 0.283417 -6.81747 -99.3475 -9.14318
-108.402 71.3998 -65.0077 0.697287 0.325994 -23.5776 -97.1782 0.703748
-108.209 71.4551 55.7928 0.698947 0.490987 -34.334 -93.921 0.152047
-104.796 71.4579 -38.5038 0.701777 0.362177 0.362601 -99.9993 -0.0374416
-97.6666 71.1083 55.3728 0.71335 0.490294 -3.14176 -99.9505 -0.133634
-108.209 71.4551 55.7928 0.698947 0.490987 -34.334 -93.921 0.152047
-109.724 71.7543 -96.2221 0.695051 0.283417 -6.81747 -99.3475 -9.14318
-108.209 71.4551 55.7928 0.698947 0.490987 -34.334 -93.921 0.152047
-110.376 72.7542 87.2271 0.69589 0.533941 -24.2277 -93.6947 25.1857
-104.796 71.4579 -38.5038 0.701777 0.362177 0.362601 -99.9993 -0.0374416
-108.209 71.4551 55.7928 0.698947 0.490987 -34.334 -93.921 0.152047
-108.402 71.3998 -65.0077 0.697287 0.325994 -23.5776 -97.1782 0.703748
-108.471 71.3892 -92.8475 0.696871 0.288007 -16.931 -98.4594 -4.36795
-108.402 71.3998 -65.0077 0.697287 0.325994 -23.5776 -97.1782 0.703748
-109.724 71.7543 -96.2221 0.695051 0.283417 -6.81747 -99.3475 -9.14318
-104.796 71.4579 -38.5038 0.701777 0.362177 0.362601 -99.9993 -0.0374416
-108.402 71.3998 -65.0077 0.697287 0.325994 -23.5776 -97.1782 0.703748
-105.362 70.9411 -64.4505 0.701493 0.326719 -15.3309 -98.791 2.30251
-97.8261 71.4579 -38.4908 0.712102 0.362092 0.000911127 -99.9993 -0.372475
-97.6666 71.1083 55.3728 0.71335 0.490294 -3.14176 -99.9505 -0.133634
-104.796 71.4579 -38.5038 0.701777 0.362177 0.362601 -99.9993 -0.0374416
-86.1182 72.2308 -81.0499 0.613821 0.237363 34.8767 -93.6868 2.52994
-87.3005 71.4584 -93.3552 0.624455 0.24484 19.1404 -97.6562 -9.84432
-85.5427 72.0497 -95.6885 0.623522 0.247971 15.2994 -97.9246 -13.2931
-87.3005 71.4584 -93.3552 0.624455 0.24484 19.1404 -97.6562 -9.84432
-109.724 71.7543 -96.2221 0.655879 0.246718 -6.81747 -99.3475 -9.14318
-85.5427 72.0497 -95.6885 0.623522 0.247971 15.2994 -97.9246 -13.2931
-87.3005 71.4584 -93.3552 0.624455 0.24484 19.1404 -97.6562 -9.84432
-108.471 71.3892 -92.8475 0.653817 0.242121 -16.931 -98.4594 -4.36795
-109.724 71.7543 -96.2221 0.655879 0.246718 -6.81747 -99.3475 -9.14318
-108.209 71.4551 55.7928 0.896384 0.995124 -99.9872 5.52972e-08 -1.60195
-108.209 -71.563 55.7928 0.895646 0.800935 -99.9872 -1.46012e-07 -1.6019
-108.663 -71.566 84.1089 0.934098 0.800785 -99.9872 -1.17397e-07 -1.60191
-108.209 71.4551 55.7928 0.896384 0.995124 -99.9872 5.52972e-08 -1.60195
-108.663 -71.566 84.1089 0.934098 0.800785 -99.9872 -1.17397e-07 -1.60191
-108.663 71.4581 84.1089 0.934836 0.994982 -99.9872 8.39084e-08 -1.60195
-85.1291 93.1228 -64.3863 0.593234 0.312054 -0.310688 99.9993 0.231455
-85.0671 93.0453 -48.5115 0.592997 0.334156 -0.417647 99.9979 0.489676
60.7268 93.1468 55.1349 0.392501 0.472288 -1.57134 99.9697 1.89753
-85.1291 93.1228 -64.3863 0.593234 0.312054 -0.310688 99.9993 0.231455
60.7268 93.1468 55.1349 0.392501 0.472288 -1.57134 99.9697 1.89753
85.3277 93.5379 55.3139 0.359933 0.471913 1.5914 99.9648 -2.12075
85.3277 93.5379 55.3139 0.359933 0.471913 1.5914 99.9648 -2.12075
-58.3873 93.1228 -64.3863 0.556926 0.311636 0.125198 99.9987 -0.497119
-85.1291 93.1228 -64.3863 0.593234 0.312054 -0.310688 99.9993 0.231455
85.3277 93.5379 55.3139 0.359933 0.471913 1.5914 99.9648 -2.12075
85.7458 92.6036 37.0176 0.360234 0.44742 3.88208 99.7991 -5.00716
-58.3873 93.1228 -64.3863 0.556926 0.311636 0.125198 99.9987 -0.497119
-85.1291 93.1228 -64.3863 0.586105 0.290128 0 19.2049 98.1385
-58.3873 93.1228 -64.3863 0.549797 0.289621 0.0087709 12.563 99.2077
-85.1923 98.5147 -65.4415 0.586295 0.28267 -1.28911e-06 19.2049 98.1385
-58.3873 93.1228 -64.3863 0.549797 0.289621 0.0087709 12.563 99.2077
85.2943 98.5147 -65.4414 0.354829 0.27944 0.456291 7.3567 99.728
-85.1923 98.5147 -65.4415 0.586295 0.28267 -1.28911e-06 19.2049 98.1385
-58.3873 93.1228 -64.3863 0.549797 0.289621 0.0087709 12.563 99.2077
84.8824 84.2467 -64.4305 0.355111 0.298867 0.453102 6.81691 99.7664
85.2943 98.5147 -65.4414 0.354829 0.27944 0.456291 7.3567 99.728
-58.6774 85.9986 -64.4255 0.55027 0.30163 -0.00327435 -0.550675 99.9985
84.8824 84.2467 -64.4305 0.355111 0.298867 0.453102 6.81691 99.7664
-58.3873 93.1228 -64.3863 0.549797 0.289621 0.0087709 12.563 99.2077
97.8971 61.3285 55.3728 0.210739 0.909968 -0.422085 0.0303568 -99.9991
104.747 61.4228 55.3439 0.205855 0.918933 8.90903 -0.250765 -99.602
98.2044 -71.6305 55.3312 0.0462253 0.835622 4.40093 -0.206816 -99.9029
104.747 61.4228 55.3439 0.205855 0.918933 8.90903 -0.250765 -99.602
108.311 -71.563 55.7928 0.0406221 0.848165 4.70054 -0.211194 -99.8892
98.2044 -71.6305 55.3312 0.0462253 0.835622 4.40093 -0.206816 -99.9029
104.747 61.4228 55.3439 0.205855 0.918933 8.90903 -0.250765 -99.602
105.188 70.2046 55.0903 0.217644 0.923912 23.448 -3.9839 -97.1304
108.311 71.4551 55.7928 0.217385 0.928572 20.3398 -2.84672 -97.8682
104.747 61.4228 55.3439 0.205855 0.918933 8.90903 -0.250765 -99.602
108.311 71.4551 55.7928 0.217385 0.928572 20.3398 -2.84672 -97.8682
108.311 -71.563 55.7928 0.0406221 0.848165 4.70054 -0.211194 -99.8892
108.765 -71.566 84.109 0.0246966 0.883165 99.9872 -2.61002e-07 -1.60202
108.311 -71.563 55.7928 0.0406221 0.848165 99.9872 -2.61004e-07 -1.60203
108.311 71.4551 55.7928 0.217385 0.928572 99.9872 -2.60993e-07 -1.60196
108.765 -71.566 84.109 0.0246966 0.883165 99.9872 -2.61002e-07 -1.60202
108.311 71.4551 55.7928 0.217385 0.928572 99.9872 -2.60993e-07 -1.60196
108.765 71.4581 84.1089 0.201467 0.963575 99.9872 -2.60991e-07 -1.60195
62.294 73.228 79.9367 0.397838 0.579867 -0.00312885 -99.8731 5.03579
85.3277 73.5905 84.1763 0.367079 0.574754 0.00919522 -99.6406 8.47069
-85.2257 73.5905 84.1763 0.598658 0.574355 -0.194151 -99.9837 1.79405
62.294 73.228 79.9367 0.397838 0.579867 -0.00312885 -99.8731 5.03579
-85.2257 73.5905 84.1763 0.598658 0.574355 -0.194151 -99.9837 1.79405
-84.353 73.3877 72.082 0.597502 0.590781 -0.191506 -99.9879 1.54165
62.294 73.228 79.9367 0.397838 0.579867 -0.00312885 -99.8731 5.03579
84.9148 73.2684 80.385 0.367648 0.579919 0.0105075 -99.6412 8.46364
85.3277 73.5905 84.1763 0.367079 0.574754 0.00919522 -99.6406 8.47069
62.0627 73.3877 72.082 0.398695 0.591141 0 -99.9793 -2.03362
62.294 73.228 79.9367 0.397838 0.579867 -0.00312885 -99.8731 5.03579
-84.353 73.3877 72.082 0.597502 0.590781 -0.191506 -99.9879 1.54165
109.888 -99.7727 -95.955 0.295588 0.050312 -1.52986 -0.377678 -99.9876
85.5794 -99.8932 -95.719 0.262558 0.050705 -0.971328 0.112741 -99.9952
85.6447 -72.1576 -95.6884 0.262508 0.013348 -1.63695 -0.471709 -99.9855
109.888 -99.7727 -95.955 0.295588 0.050312 -1.52986 -0.377678 -99.9876
85.6447 -72.1576 -95.6884 0.262508 0.013348 -1.63695 -0.471709 -99.9855
109.826 -71.8622 -96.2221 0.29505 0.012446 -2.19466 -0.961466 -99.9713
110.29 -99.0504 87.7501 0.296263 0.300829 4.52931 -99.8973 -0.151094
86.2701 -100.228 87.7503 0.263979 0.300897 4.89826 -99.8798 -0.200865
85.5794 -99.8932 -95.719 0.262558 0.050705 0.863147 -99.9957 0.343125
110.29 -99.0504 87.7501 0.296263 0.300829 4.52931 -99.8973 -0.151094
85.5794 -99.8932 -95.719 0.262558 0.050705 0.863147 -99.9957 0.343125
109.888 -99.7727 -95.955 0.295588 0.050312 0.499706 -99.998 0.392084
110.478 -72.862 87.2271 0.331978 0.30016 99.9977 -0.633547 -0.228888
110.29 -99.0504 87.7501 0.296263 0.300829 99.9972 -0.722867 -0.215763
109.888 -99.7727 -95.955 0.295588 0.050312 99.9993 0.134556 -0.341747
110.478 -72.862 87.2271 0.331978 0.30016 99.9977 -0.633547 -0.228888
109.888 -99.7727 -95.955 0.295588 0.050312 99.9993 0.134556 -0.341747
109.826 -71.8622 -96.2221 0.333649 0.049994 99.9991 0.219392 -0.354211
85.5794 -99.8932 -95.719 0.262558 0.050705 -99.4041 -7.09696 -8.27364
85.2873 -98.5789 -93.2848 0.259157 0.048832 -99.1119 -12.1919 -5.30872
85.3277 -73.5087 -93.3194 0.25961 0.013842 -98.5589 16.4933 -3.75671
85.3277 -73.5087 -93.3194 0.25961 0.013842 -98.5589 16.4933 -3.75671
86.2202 -72.3387 -81.0498 0.252873 0.00257599 -95.4269 29.6098 4.11811
85.6447 -72.1576 -95.6884 0.262508 0.013348 -99.2006 10.1657 -7.47628
85.5794 -99.8932 -95.719 0.262558 0.050705 -99.4041 -7.09696 -8.27364
85.3277 -73.5087 -93.3194 0.25961 0.013842 -98.5589 16.4933 -3.75671
85.6447 -72.1576 -95.6884 0.262508 0.013348 -99.2006 10.1657 -7.47628
85.5794 -99.8932 -95.719 0.262558 0.050705 -99.4041 -7.09696 -8.27364
85.2943 -98.6226 -65.4414 0.260892 0.092004 -98.7052 -16.0403 0.0373007
85.2873 -98.5789 -93.2848 0.260731 0.05403 -99.1119 -12.1919 -5.30872
85.3271 -98.63 55.6879 0.26135 0.257179 -94.481 -32.7614 0.188631
85.2943 -98.6226 -65.4414 0.260892 0.092004 -98.7052 -16.0403 0.0373007
85.5794 -99.8932 -95.719 0.262558 0.050705 -99.4041 -7.09696 -8.27364
85.2444 -93.2877 -47.9199 0.253681 0.115917 -99.9992 -0.399588 0.0227835
85.2311 -93.2306 -64.3863 0.253542 0.093463 -99.9929 -1.18589 0.0764794
85.2943 -98.6226 -65.4414 0.260892 0.092004 -98.7052 -16.0403 0.0373007
85.2444 -93.2877 -47.9199 0.253681 0.115917 -99.9992 -0.399588 0.0227835
85.2943 -98.6226 -65.4414 0.260892 0.092004 -98.7052 -16.0403 0.0373007
85.3271 -98.63 55.6879 0.26135 0.257179 -94.481 -32.7614 0.188631
85.3271 -98.63 55.6879 0.26135 0.257179 -94.481 -32.7614 0.188631
85.5794 -99.8932 -95.719 0.262558 0.050705 -99.4041 -7.09696 -8.27364
86.2701 -100.228 87.7503 0.263979 0.300897 -97.1529 -15.5883 17.8413
85.3313 -98.8573 84.1954 0.261702 0.296055 -92.9213 -35.3035 10.9226
85.3271 -98.63 55.6879 0.26135 0.257179 -94.481 -32.7614 0.188631
86.2701 -100.228 87.7503 0.263979 0.300897 -97.1529 -15.5883 17.8413
85.2444 -93.2877 -47.9199 0.253681 0.115917 -99.9992 -0.399588 0.0227835
85.3271 -98.63 55.6879 0.26135 0.257179 -94.481 -32.7614 0.188631
85.3277 -84.2598 54.762 0.241752 0.25597 -100 0.0585906 0.0759755
85.3277 -84.5239 -47.3925 0.241732 0.116669 -99.9955 0.950575 -0.00244716
85.2444 -93.2877 -47.9199 0.253681 0.115917 -99.9992 -0.399588 0.0227835
85.3277 -84.2598 54.762 0.241752 0.25597 -100 0.0585906 0.0759755
110.29 -99.0504 87.7501 0.296263 0.300829 1.23794 0.674945 99.9901
110.478 -72.862 87.2271 0.297794 0.335436 2.64521 1.97697 99.9455
85.5375 -72.2938 87.876 0.265394 0.33736 1.40426 0.82882 99.9867
110.29 -99.0504 87.7501 0.296263 0.300829 1.23794 0.674945 99.9901
85.5375 -72.2938 87.876 0.265394 0.33736 1.40426 0.82882 99.9867
86.2701 -100.228 87.7503 0.263979 0.300897 0.0225402 -0.449428 99.999
85.3277 -73.6983 84.1763 0.261669 0.337871 -97.8963 20.3081 1.97333
85.3313 -98.8573 84.1954 0.259053 0.303174 -92.9213 -35.3035 10.9226
86.2701 -100.228 87.7503 0.263979 0.300897 -97.1529 -15.5883 17.8413
85.3277 -73.6983 84.1763 0.261669 0.337871 -97.8963 20.3081 1.97333
86.2701 -100.228 87.7503 0.263979 0.300897 -97.1529 -15.5883 17.8413
85.5375 -72.2938 87.876 0.265394 0.33736 -99.6912 7.30585 2.87984
85.9259 -72.1374 83.969 0.264239 0.340856 -97.3855 22.6624 1.57208
85.0205 -73.4955 71.7541 0.242286 0.359522 -99.7138 2.27811 7.20841
85.3277 -73.6983 84.1763 0.261669 0.337871 -97.8963 20.3081 1.97333
85.9259 -72.1374 83.969 0.264239 0.340856 -97.3855 22.6624 1.57208
85.3277 -73.6983 84.1763 0.261669 0.337871 -97.8963 20.3081 1.97333
85.5375 -72.2938 87.876 0.265394 0.33736 -99.6912 7.30585 2.87984
-60.6118 -93.1073 55.3728 0.391882 0.876286 0.909138 -99.9885 1.2102
-84.1015 -93.3296 55.3728 0.358458 0.875676 -0.572843 -99.996 -0.690323
85.2311 -93.2306 -64.3863 0.592413 0.716777 -0.164302 -99.9997 -0.169826
-60.6118 -93.1073 55.3728 0.391882 0.876286 0.909138 -99.9885 1.2102
85.2311 -93.2306 -64.3863 0.592413 0.716777 -0.164302 -99.9997 -0.169826
85.2444 -93.2877 -47.9199 0.592084 0.739133 -0.369069 -99.9987 -0.346493
-84.1015 -93.3296 55.3728 0.358458 0.875676 -0.572843 -99.996 -0.690323
59.1741 -93.2306 -64.3863 0.557037 0.716225 -0.0537341 -99.9999 -0.146945
85.2311 -93.2306 -64.3863 0.592413 0.716777 -0.164302 -99.9997 -0.169826
-84.1015 -93.3296 55.3728 0.358458 0.875676 -0.572843 -99.996 -0.690323
-85.2257 -92.9409 37.06 0.359551 0.850832 -1.62113 -99.9664 -2.02216
59.1741 -93.2306 -64.3863 0.557037 0.716225 -0.0537341 -99.9999 -0.146945
108.765 -71.566 84.109 0.295574 0.340239 37.704 91.2787 15.7035
85.9259 -72.1374 83.969 0.264239 0.340856 -2.52258 99.8979 3.74736
85.5375 -72.2938 87.876 0.265394 0.33736 -1.97487 99.7287 7.09175
108.765 -71.566 84.109 0.295574 0.340239 37.704 91.2787 15.7035
85.5375 -72.2938 87.876 0.265394 0.33736 -1.97487 99.7287 7.09175
110.478 -72.862 87.2271 0.297794 0.335436 24.2279 93.6946 25.1859
110.478 -72.862 87.2271 0.331978 0.30016 24.2279 93.6946 25.1859
108.311 -71.563 55.7928 0.335461 0.257299 33.2237 94.3193 0.221272
108.765 -71.566 84.109 0.334913 0.295912 37.704 91.2787 15.7035
109.826 -71.8622 -96.2221 0.333649 0.049994 6.81767 99.3475 -9.14323
108.504 -71.5076 -65.0077 0.335456 0.092534 25.4504 96.7035 0.847141
108.311 -71.563 55.7928 0.335461 0.257299 33.2237 94.3193 0.221272
109.826 -71.8622 -96.2221 0.333649 0.049994 6.81767 99.3475 -9.14323
108.311 -71.563 55.7928 0.335461 0.257299 33.2237 94.3193 0.221272
110.478 -72.862 87.2271 0.331978 0.30016 24.2279 93.6946 25.1859
108.573 -71.4971 -92.8474 0.335421 0.054595 16.9315 98.4594 -4.36798
108.504 -71.5076 -65.0077 0.335456 0.092534 25.4504 96.7035 0.847141
109.826 -71.8622 -96.2221 0.333649 0.049994 6.81767 99.3475 -9.14323
86.2202 -72.3387 -81.0498 0.168439 0.588149 -99.5424 0.000698881 -9.55536
86.2196 72.3418 -80.8571 0.348001 0.667835 -99.555 0.0121414 -9.42306
87.4025 71.4584 -93.3552 0.33997 0.682918 -99.5543 0.0115069 -9.4304
86.2202 -72.3387 -81.0498 0.168439 0.588149 -99.5424 0.000698881 -9.55536
87.4025 71.4584 -93.3552 0.33997 0.682918 -99.5543 0.0115069 -9.4304
87.4025 -71.5662 -93.3552 0.162568 0.603909 -99.5417 -1.55809e-06 -9.56346
86.2202 -72.3387 -81.0498 0.252873 0.00257599 -34.8772 93.6866 2.52991
87.4025 -71.5662 -93.3552 0.263481 0.010211 -19.1407 97.6562 -9.84441
85.6447 -72.1576 -95.6884 0.262508 0.013348 -15.2995 97.9245 -13.2934
87.4025 -71.5662 -93.3552 0.263481 0.010211 -19.1407 97.6562 -9.84441
109.826 -71.8622 -96.2221 0.29505 0.012446 6.81767 99.3475 -9.14323
85.6447 -72.1576 -95.6884 0.262508 0.013348 -15.2995 97.9245 -13.2934
87.4025 -71.5662 -93.3552 0.263481 0.010211 -19.1407 97.6562 -9.84441
108.573 -71.4971 -92.8474 0.293028 0.00780201 16.9315 98.4594 -4.36798
109.826 -71.8622 -96.2221 0.29505 0.012446 6.81767 99.3475 -9.14323
85.9259 -72.1374 83.969 0.0111497 0.911072 -0.612898 1.62918e-05 99.9981
108.765 -71.566 84.109 0.0246966 0.883165 -0.612898 1.62918e-05 99.9981
108.765 71.4581 84.1089 0.201467 0.963575 -0.612898 1.62918e-05 99.9981
85.9259 -72.1374 83.969 0.0111497 0.911072 -0.612898 1.62918e-05 99.9981
108.765 71.4581 84.1089 0.201467 0.963575 -0.612898 1.62918e-05 99.9981
85.9259 72.0296 83.9689 0.189333 0.992125 -0.612898 1.62918e-05 99.9981
108.573 -71.4971 -92.8474 0.150956 0.630214 2.39768 -1.62874e-05 -99.9713
87.4025 -71.5662 -93.3552 0.162568 0.603909 2.39768 -1.62874e-05 -99.9713
87.4025 71.4584 -93.3552 0.33997 0.682918 2.39769 -1.62874e-05 -99.9713
108.573 -71.4971 -92.8474 0.150956 0.630214 2.39768 -1.62874e-05 -99.9713
87.4025 71.4584 -93.3552 0.33997 0.682918 2.39769 -1.62874e-05 -99.9713
108.573 71.3892 -92.8475 0.328186 0.709147 2.39769 -1.62874e-05 -99.9712
-64.2985 -73.4765 80.3849 0.395699 0.985704 0.0206533 99.9216 3.95805
-85.2257 -73.6983 84.1763 0.366965 0.980573 0.427399 99.6632 8.1893
85.3277 -73.6983 84.1763 0.598544 0.980281 0.10516 99.9855 1.6989
-64.2985 -73.4765 80.3849 0.395699 0.985704 0.0206533 99.9216 3.95805
85.3277 -73.6983 84.1763 0.598544 0.980281 0.10516 99.9855 1.6989
85.0205 -73.4955 71.7541 0.598149 0.99715 0.103045 99.9877 1.56284
-64.2985 -73.4765 80.3849 0.395699 0.985704 0.0206533 99.9216 3.95805
-84.8128 -73.3762 80.3849 0.367532 0.985739 0.487174 99.6354 8.51763
-85.2257 -73.6983 84.1763 0.366965 0.980573 0.427399 99.6632 8.1893
-63.9662 -73.4955 71.7541 0.395859 0.997424 0 99.9998 -0.219903
-64.2985 -73.4765 80.3849 0.395699 0.985704 0.0206533 99.9216 3.95805
85.0205 -73.4955 71.7541 0.598149 0.99715 0.103045 99.9877 1.56284
85.3277 -73.6983 84.1763 0.598544 0.980281 -2.41321e-05 0.0759126 100
-85.2257 -73.6983 84.1763 0.366965 0.980573 -2.09711e-05 0.0759155 100
-85.2294 -98.8573 84.1954 0.366917 0.946411 -2.12962e-05 0.0759152 100
85.3277 -73.6983 84.1763 0.598544 0.980281 -2.41321e-05 0.0759126 100
-85.2294 -98.8573 84.1954 0.366917 0.946411 -2.12962e-05 0.0759152 100
85.3313 -98.8573 84.1954 0.598505 0.94612 -2.44571e-05 0.0759123 100
85.3313 -98.8573 84.1954 0.598505 0.94612 -2.06784e-07 -99.9968 -0.797154
-85.2294 -98.8573 84.1954 0.366917 0.946411 -1.96104e-06 -99.9968 -0.797155
-85.2251 -98.63 55.6879 0.366874 0.907703 -1.75429e-06 -99.9968 -0.797155
85.3313 -98.8573 84.1954 0.598505 0.94612 -2.06784e-07 -99.9968 -0.797154
-85.2251 -98.63 55.6879 0.366874 0.907703 -1.75429e-06 -99.9968 -0.797155
85.3271 -98.63 55.6879 0.598451 0.907411 0 -99.9968 -0.797154
-86.1182 -72.3387 -81.0499 0.603697 0.790008 99.5416 -5.05277e-07 -9.56371
-87.3005 -71.5662 -93.3552 0.620488 0.790958 99.5416 -5.04637e-07 -9.56371
-87.3005 71.4584 -93.3552 0.621627 0.985156 99.5416 -5.15304e-07 -9.56371
-86.1182 -72.3387 -81.0499 0.603697 0.790008 99.5416 -5.05277e-07 -9.56371
-87.3005 71.4584 -93.3552 0.621627 0.985156 99.5416 -5.15304e-07 -9.56371
-86.1182 72.2308 -81.0499 0.604848 0.986304 99.5416 -5.15895e-07 -9.56371
-109.786 -99.7727 -95.9551 0.772316 0.298635 1.52985 -0.377635 -99.9876
-109.724 -71.8622 -96.2221 0.734433 0.298327 2.19463 -0.96137 -99.9713
-85.5427 -72.1576 -95.6884 0.735232 0.265864 1.63693 -0.471657 -99.9855
-109.786 -99.7727 -95.9551 0.772316 0.298635 1.52985 -0.377635 -99.9876
-85.5427 -72.1576 -95.6884 0.735232 0.265864 1.63693 -0.471657 -99.9855
-85.4774 -99.8932 -95.7191 0.772492 0.265799 0.971329 0.112741 -99.9952
-110.188 -99.0504 87.7501 0.771847 0.549178 -4.52936 -99.8973 -0.151095
-109.786 -99.7727 -95.9551 0.772316 0.298635 -0.49976 -99.998 0.392085
-85.4774 -99.8932 -95.7191 0.80547 0.298946 -0.863201 -99.9957 0.343125
-110.188 -99.0504 87.7501 0.771847 0.549178 -4.52936 -99.8973 -0.151095
-85.4774 -99.8932 -95.7191 0.80547 0.298946 -0.863201 -99.9957 0.343125
-86.1681 -100.228 87.7502 0.804645 0.549166 -4.89831 -99.8798 -0.200866
-110.376 -72.862 87.2271 0.736593 0.548614 -99.9977 -0.633548 -0.228899
-109.724 -71.8622 -96.2221 0.734433 0.298327 -99.9991 0.219392 -0.354207
-109.786 -99.7727 -95.9551 0.772316 0.298635 -99.9993 0.134557 -0.341745
-110.376 -72.862 87.2271 0.736593 0.548614 -99.9977 -0.633548 -0.228899
-109.786 -99.7727 -95.9551 0.772316 0.298635 -99.9993 0.134557 -0.341745
-110.188 -99.0504 87.7501 0.771847 0.549178 -99.9972 -0.722867 -0.215776
-85.2257 -73.5087 -93.3195 0.735715 0.262973 98.559 16.4929 -3.75686
-85.1854 -98.5789 -93.2849 0.770613 0.262413 99.112 -12.1913 -5.30823
-85.4774 -99.8932 -95.7191 0.772492 0.265799 99.4042 -7.09666 -8.27298
-85.2257 -73.5087 -93.3195 0.735715 0.262973 98.559 16.4929 -3.75686
-85.4774 -99.8932 -95.7191 0.772492 0.265799 99.4042 -7.09666 -8.27298
-85.5427 -72.1576 -95.6884 0.735232 0.265864 99.2006 10.1654 -7.47657
-86.1182 -72.3387 -81.0499 0.724458 0.256288 95.4272 29.609 4.11812
-85.2257 -73.5087 -93.3195 0.735715 0.262973 98.559 16.4929 -3.75686
-85.5427 -72.1576 -95.6884 0.735232 0.265864 99.2006 10.1654 -7.47657
-85.1923 -98.6226 -65.4414 0.807237 0.340291 98.7414 -15.8159 0.057519
-85.4774 -99.8932 -95.7191 0.80547 0.298946 99.4042 -7.09666 -8.27298
-85.1854 -98.5789 -93.2849 0.807307 0.302271 99.112 -12.1913 -5.30823
-85.2251 -98.63 55.6879 0.80717 0.505436 92.5611 -37.8158 -1.55161
-86.1681 -100.228 87.7502 0.804645 0.549166 97.153 -15.5883 17.8411
-85.4774 -99.8932 -95.7191 0.80547 0.298946 99.4042 -7.09666 -8.27298
-85.2251 -98.63 55.6879 0.80717 0.505436 92.5611 -37.8158 -1.55161
-85.4774 -99.8932 -95.7191 0.80547 0.298946 99.4042 -7.09666 -8.27298
-85.1923 -98.6226 -65.4414 0.807237 0.340291 98.7414 -15.8159 0.057519
-85.2257 -92.9409 37.06 0.814545 0.479975 99.9725 -2.31601 -0.378021
-85.2251 -98.63 55.6879 0.80717 0.505436 92.5611 -37.8158 -1.55161
-85.1923 -98.6226 -65.4414 0.807237 0.340291 98.7414 -15.8159 0.057519
-85.2257 -92.9409 37.06 0.814545 0.479975 99.9725 -2.31601 -0.378021
-85.1923 -98.6226 -65.4414 0.807237 0.340291 98.7414 -15.8159 0.057519
-84.9464 -84.4901 -64.4509 0.826507 0.341645 99.9831 -1.83316 0.122497
-85.2251 -98.63 55.6879 0.80717 0.505436 92.5611 -37.8158 -1.55161
-85.2294 -98.8573 84.1954 0.806911 0.544317 92.9213 -35.3034 10.9225
-86.1681 -100.228 87.7502 0.804645 0.549166 97.153 -15.5883 17.8411
-85.2257 -92.9409 37.06 0.814545 0.479975 99.9725 -2.31601 -0.378021
-84.1015 -93.3296 55.3728 0.813966 0.504938 97.545 -21.0608 -6.43544
-85.2251 -98.63 55.6879 0.80717 0.505436 92.5611 -37.8158 -1.55161
-84.9364 -84.4807 36.1495 0.826508 0.478801 99.9416 -3.41839 -0.00957069
-85.2257 -92.9409 37.06 0.814545 0.479975 99.9725 -2.31601 -0.378021
-84.9464 -84.4901 -64.4509 0.826507 0.341645 99.9831 -1.83316 0.122497
-85.4356 -72.2938 87.8759 0.736127 0.581303 -1.40425 0.828787 99.9867
-110.376 -72.862 87.2271 0.736593 0.548614 -2.64521 1.97699 99.9455
-110.188 -99.0504 87.7501 0.771847 0.549178 -1.23793 0.674906 99.9901
-85.4356 -72.2938 87.8759 0.736127 0.581303 -1.40425 0.828787 99.9867
-110.188 -99.0504 87.7501 0.771847 0.549178 -1.23793 0.674906 99.9901
-86.1681 -100.228 87.7502 0.772699 0.581095 -0.0225166 -0.449516 99.999
-85.2257 -73.6983 84.1763 0.735774 0.585059 97.7397 20.5087 5.13226
-85.4356 -72.2938 87.8759 0.736127 0.581303 99.6912 7.30568 2.88
-86.1681 -100.228 87.7502 0.772699 0.581095 97.153 -15.5883 17.8411
-85.2257 -73.6983 84.1763 0.735774 0.585059 97.7397 20.5087 5.13226
-86.1681 -100.228 87.7502 0.772699 0.581095 97.153 -15.5883 17.8411
-85.2294 -98.8573 84.1954 0.770639 0.586131 92.9213 -35.3034 10.9225
-85.8239 -72.1374 83.9689 0.732662 0.582616 96.7729 21.6914 12.8254
-85.4356 -72.2938 87.8759 0.736127 0.581303 99.6912 7.30568 2.88
-85.2257 -73.6983 84.1763 0.735774 0.585059 97.7397 20.5087 5.13226
-85.8239 -72.1374 83.9689 0.732662 0.582616 96.7729 21.6914 12.8254
-85.2257 -73.6983 84.1763 0.735774 0.585059 97.7397 20.5087 5.13226
-84.8128 -73.3762 80.3849 0.729151 0.591141 96.6104 10.0252 23.7894
-85.0478 86.2598 -47.9284 0.598658 0.344985 -57.8111 6.64378 81.3249
60.7796 84.1974 55.2752 0.400251 0.482356 -57.7565 0.939186 81.6291
60.7268 93.1468 55.1349 0.392501 0.472288 -57.7601 1.08067 81.6247
-85.0478 86.2598 -47.9284 0.598658 0.344985 -57.8111 6.64378 81.3249
60.7268 93.1468 55.1349 0.392501 0.472288 -57.7601 1.08067 81.6247
-85.0671 93.0453 -48.5115 0.592997 0.334156 -57.8097 6.82384 81.3109
-108.663 -71.566 84.1089 0.731862 0.551066 -37.7038 91.2788 15.7034
-110.376 -72.862 87.2271 0.736593 0.548614 -24.2278 93.6947 25.1857
-85.4356 -72.2938 87.8759 0.736127 0.581303 1.97488 99.7287 7.09172
-108.663 -71.566 84.1089 0.731862 0.551066 -37.7038 91.2788 15.7034
-85.4356 -72.2938 87.8759 0.736127 0.581303 1.97488 99.7287 7.09172
-85.8239 -72.1374 83.9689 0.732662 0.582616 2.52258 99.8979 3.74736
-108.209 -71.563 55.7928 0.733023 0.505725 -38.0832 92.4585 1.04406
-110.376 -72.862 87.2271 0.736593 0.548614 -24.2278 93.6947 25.1857
-108.663 -71.566 84.1089 0.733646 0.544369 -37.7038 91.2788 15.7034
-108.209 -71.563 55.7928 0.733023 0.505725 -38.0832 92.4585 1.04406
-109.724 -71.8622 -96.2221 0.734433 0.298327 -6.81762 99.3475 -9.14327
-110.376 -72.862 87.2271 0.736593 0.548614 -24.2278 93.6947 25.1857
-108.209 -71.563 55.7928 0.733023 0.505725 -38.0832 92.4585 1.04406
-108.402 -71.5076 -65.0077 0.732708 0.340901 -19.9847 97.9822 -0.323482
-109.724 -71.8622 -96.2221 0.734433 0.298327 -6.81762 99.3475 -9.14327
-105.403 -71.2161 55.3728 0.729163 0.50517 -11.8341 99.2548 2.90681
-104.937 -70.3204 26.6859 0.728862 0.466747 -16.3567 98.6529 0.233648
-108.209 -71.563 55.7928 0.733023 0.505725 -38.0832 92.4585 1.04406
-104.937 -70.3204 26.6859 0.728862 0.466747 -16.3567 98.6529 0.233648
-108.402 -71.5076 -65.0077 0.732708 0.340901 -19.9847 97.9822 -0.323482
-108.209 -71.563 55.7928 0.733023 0.505725 -38.0832 92.4585 1.04406
-108.402 -71.5076 -65.0077 0.732708 0.340901 -19.9847 97.9822 -0.323482
-108.471 -71.4971 -92.8475 0.732668 0.302935 -16.9315 98.4594 -4.368
-109.724 -71.8622 -96.2221 0.734433 0.298327 -6.81762 99.3475 -9.14327
-104.937 -70.3204 26.6859 0.728862 0.466747 -16.3567 98.6529 0.233648
-97.9926 -71.2471 -64.4509 0.718503 0.34171 -1.44247 99.9833 -1.12651
-108.402 -71.5076 -65.0077 0.732708 0.340901 -19.9847 97.9822 -0.323482
-97.9714 -71.6305 27.3528 0.718917 0.466975 18.4449 98.2834 0.406198
-97.9926 -71.2471 -64.4509 0.718503 0.34171 -1.44247 99.9833 -1.12651
-104.937 -70.3204 26.6859 0.728862 0.466747 -16.3567 98.6529 0.233648
85.3277 73.6006 -93.3259 0.355782 0.20787 0.077143 -99.4962 -10.0252
86.2196 72.3418 -80.8571 0.354791 0.19084 0.0753537 -99.4937 -10.0499
-86.1182 72.2308 -81.0499 0.588771 0.194113 0.114292 -99.5465 -9.51212
85.3277 73.6006 -93.3259 0.355782 0.20787 0.077143 -99.4962 -10.0252
-86.1182 72.2308 -81.0499 0.588771 0.194113 0.114292 -99.5465 -9.51212
-85.2257 73.4008 -93.3195 0.587343 0.210831 0.116283 -99.5491 -9.48461
-87.3005 -71.5662 -93.3552 0.732106 0.266845 19.1406 97.6561 -9.84447
-86.1182 -72.3387 -81.0499 0.724458 0.256288 34.8772 93.6866 2.52987
-85.5427 -72.1576 -95.6884 0.735232 0.265864 15.2996 97.9245 -13.2933
-87.3005 -71.5662 -93.3552 0.732106 0.266845 19.1406 97.6561 -9.84447
-85.5427 -72.1576 -95.6884 0.735232 0.265864 15.2996 97.9245 -13.2933
-109.724 -71.8622 -96.2221 0.734433 0.298327 -6.81762 99.3475 -9.14327
-87.3005 -71.5662 -93.3552 0.732106 0.266845 19.1406 97.6561 -9.84447
-109.724 -71.8622 -96.2221 0.734433 0.298327 -6.81762 99.3475 -9.14327
-108.471 -71.4971 -92.8475 0.729795 0.296324 -16.9315 98.4594 -4.368
-85.2257 73.5905 84.1763 0.598658 0.574355 -1.36523e-05 -0.07588 100
85.3277 73.5905 84.1763 0.367079 0.574754 -1.04805e-05 -0.0758829 100
85.3313 98.7495 84.1954 0.367015 0.540593 -1.08067e-05 -0.0758826 100
-85.2257 73.5905 84.1763 0.598658 0.574355 -1.36523e-05 -0.07588 100
85.3313 98.7495 84.1954 0.367015 0.540593 -1.08067e-05 -0.0758826 100
-85.2294 98.7495 84.1954 0.598604 0.540194 -1.39784e-05 -0.0758797 100
-104.612 -61.4185 55.253 0.872333 0.808337 7.53968 57.2258 81.66
-97.452 -62.5575 55.3727 0.881051 0.813219 7.73667 57.2104 81.6524
-97.8261 71.4579 -38.4908 0.754612 0.995889 0.0692147 57.6448 81.7133
-104.612 -61.4185 55.253 0.872333 0.808337 7.53968 57.2258 81.66
-97.8261 71.4579 -38.4908 0.754612 0.995889 0.0692147 57.6448 81.7133
-104.796 71.4579 -38.5038 0.746471 0.989636 -0.151896 57.6523 81.7079
-84.8918 -53.1579 80.3849 0.969424 0.826113 98.5424 -0.117846 17.011
-85.8239 -72.1374 83.9689 0.965107 0.799891 96.7729 21.6914 12.8254
-84.8128 -73.3762 80.3849 0.970156 0.798187 96.6104 10.0252 23.7894
-84.8918 -53.1579 80.3849 0.969424 0.826113 98.5424 -0.117846 17.011
-85.8239 72.0296 83.9689 0.96585 0.99564 97.2149 -22.9443 4.77669
-85.8239 -72.1374 83.9689 0.965107 0.799891 96.7729 21.6914 12.8254
-84.8918 -53.1579 80.3849 0.969424 0.826113 98.5424 -0.117846 17.011
-84.353 73.3877 72.082 0.98212 0.997424 99.3051 -2.87868 11.4115
-85.8239 72.0296 83.9689 0.96585 0.99564 97.2149 -22.9443 4.77669
-84.9102 -53.1391 71.5745 0.98212 0.825624 99.9988 -0.439546 -0.209807
-84.353 73.3877 72.082 0.98212 0.997424 99.3051 -2.87868 11.4115
-84.8918 -53.1579 80.3849 0.969424 0.826113 98.5424 -0.117846 17.011
-85.8239 72.0296 83.9689 0.96585 0.99564 0.612896 -1.01678e-06 99.9981
-108.663 71.4581 84.1089 0.934836 0.994982 0.612899 -1.95511e-06 99.9981
-108.663 -71.566 84.1089 0.934098 0.800785 0.612874 6.33174e-06 99.9981
-85.8239 72.0296 83.9689 0.96585 0.99564 0.612896 -1.01678e-06 99.9981
-108.663 -71.566 84.1089 0.934098 0.800785 0.612874 6.33174e-06 99.9981
-85.8239 -72.1374 83.9689 0.965107 0.799891 0.612872 7.24065e-06 99.9981
59.1741 -93.2306 -64.3863 0.55033 0.694923 -0.13721 -14.8189 98.8958
-84.9464 -84.4901 -64.4509 0.354499 0.704124 -0.465855 -6.94396 99.7575
-85.1923 -98.6226 -65.4414 0.354424 0.684885 -0.456891 -7.28438 99.7333
59.1741 -93.2306 -64.3863 0.55033 0.694923 -0.13721 -14.8189 98.8958
-85.1923 -98.6226 -65.4414 0.354424 0.684885 -0.456891 -7.28438 99.7333
85.2943 -98.6226 -65.4414 0.585894 0.68793 -3.1912e-05 -19.2051 98.1385
58.7535 -84.448 -63.865 0.549598 0.70686 -0.405251 -5.94429 99.8223
-84.9464 -84.4901 -64.4509 0.354499 0.704124 -0.465855 -6.94396 99.7575
59.1741 -93.2306 -64.3863 0.55033 0.694923 -0.13721 -14.8189 98.8958
85.2311 -93.2306 -64.3863 0.58571 0.695388 -3.46711e-05 -19.2052 98.1385
59.1741 -93.2306 -64.3863 0.55033 0.694923 -0.13721 -14.8189 98.8958
85.2943 -98.6226 -65.4414 0.585894 0.68793 -3.1912e-05 -19.2051 98.1385
-85.1923 -98.6226 -65.4414 0.354424 0.684885 0 -99.9999 -0.156855
-85.1854 -98.5789 -93.2849 0.35493 0.647082 0 -99.9999 -0.156855
85.2873 -98.5789 -93.2848 0.586381 0.650126 0 -99.9999 -0.156855
-85.1923 -98.6226 -65.4414 0.354424 0.684885 0 -99.9999 -0.156855
85.2873 -98.5789 -93.2848 0.586381 0.650126 0 -99.9999 -0.156855
85.2943 -98.6226 -65.4414 0.585894 0.68793 0 -99.9999 -0.156855
85.2873 -98.5789 -93.2848 0.586381 0.650126 1.39809e-05 -0.138129 -99.9999
-85.1854 -98.5789 -93.2849 0.35493 0.647082 1.39817e-05 -0.138087 -99.9999
-85.2257 -73.5087 -93.3195 0.355323 0.613043 1.39816e-05 -0.138092 -99.9999
85.2873 -98.5789 -93.2848 0.586381 0.650126 1.39809e-05 -0.138129 -99.9999
-85.2257 -73.5087 -93.3195 0.355323 0.613043 1.39816e-05 -0.138092 -99.9999
85.3277 -73.5087 -93.3194 0.586884 0.616089 1.39808e-05 -0.138133 -99.9999
-108.471 71.3892 -92.8475 0.65038 0.984894 -2.39771 -7.3671e-06 -99.9712
-87.3005 71.4584 -93.3552 0.621627 0.985156 -2.39771 -6.44777e-06 -99.9712
-87.3005 -71.5662 -93.3552 0.620488 0.790958 -2.39769 -1.53642e-05 -99.9712
-108.471 71.3892 -92.8475 0.65038 0.984894 -2.39771 -7.3671e-06 -99.9712
-87.3005 -71.5662 -93.3552 0.620488 0.790958 -2.39769 -1.53642e-05 -99.9712
-108.471 -71.4971 -92.8475 0.649242 0.790883 -2.39769 -1.62874e-05 -99.9712
84.5213 54.8825 80.1287 0.165475 0.986827 -96.5425 -0.239632 26.0668
85.9259 72.0296 83.9689 0.189333 0.992125 -96.8272 -20.9812 13.5753
84.9148 73.2684 80.385 0.188771 0.997424 -96.6243 -8.37845 24.3627
84.5213 54.8825 80.1287 0.165475 0.986827 -96.5425 -0.239632 26.0668
85.9259 -72.1374 83.969 0.0111497 0.911072 -97.3855 22.6624 1.57208
85.9259 72.0296 83.9689 0.189333 0.992125 -96.8272 -20.9812 13.5753
84.5213 54.8825 80.1287 0.165475 0.986827 -96.5425 -0.239632 26.0668
85.0205 -73.4955 71.7541 0.00257646 0.925442 -99.7138 2.27811 7.20841
85.9259 -72.1374 83.969 0.0111497 0.911072 -97.3855 22.6624 1.57208
83.7488 53.7777 71.6445 0.160465 0.997424 -99.5715 -0.986985 9.19446
85.0205 -73.4955 71.7541 0.00257646 0.925442 -99.7138 2.27811 7.20841
84.5213 54.8825 80.1287 0.165475 0.986827 -96.5425 -0.239632 26.0668
105.042 -71.5048 -38.5506 0.259144 0.454656 0.340016 99.9994 0.1137
97.2294 -71.6305 -38.5749 0.269831 0.454886 -1.60901 99.987 0.0166892
98.2044 -71.6305 55.3312 0.268306 0.582391 -0.719553 99.9974 0.0814904
105.042 -71.5048 -38.5506 0.259144 0.454656 0.340016 99.9994 0.1137
98.2044 -71.6305 55.3312 0.268306 0.582391 -0.719553 99.9974 0.0814904
108.311 -71.563 55.7928 0.254582 0.582997 33.2237 94.3193 0.221272
105.042 -71.5048 -38.5506 0.259144 0.454656 0.340016 99.9994 0.1137
108.311 -71.563 55.7928 0.254582 0.582997 33.2237 94.3193 0.221272
108.504 -71.5076 -65.0077 0.254578 0.418973 25.4504 96.7035 0.847141
105.042 -71.5048 -38.5506 0.259144 0.454656 0.340016 99.9994 0.1137
108.504 -71.5076 -65.0077 0.254578 0.418973 25.4504 96.7035 0.847141
105.189 -70.7863 -64.3087 0.259186 0.419912 21.8315 97.5463 2.84602
104.932 71.3964 27.0092 0.247026 0.875587 -2.98162 58.0916 -81.3417
104.877 -59.3784 -64.4889 0.137465 0.688839 18.6645 56.3151 -80.5
97.9464 -57.0534 -64.4694 0.147644 0.685863 18.1105 56.3954 -80.5703
104.932 71.3964 27.0092 0.247026 0.875587 -2.98162 58.0916 -81.3417
97.9464 -57.0534 -64.4694 0.147644 0.685863 18.1105 56.3954 -80.5703
97.5759 71.4579 27.3788 0.25677 0.870506 -3.59903 58.1021 -81.3092
108.504 71.3998 -65.0077 0.31282 0.743684 99.9997 3.34574e-08 0.249371
108.504 -71.5076 -65.0077 0.135563 0.66474 99.9997 -1.79165e-08 0.249234
108.573 -71.4971 -92.8474 0.150956 0.630214 99.9997 -1.07465e-08 0.249253
108.504 71.3998 -65.0077 0.31282 0.743684 99.9997 3.34574e-08 0.249371
108.573 -71.4971 -92.8474 0.150956 0.630214 99.9997 -1.07465e-08 0.249253
108.573 71.3892 -92.8475 0.328186 0.709147 99.9997 4.06309e-08 0.249391
85.3271 -98.63 55.6879 0.598451 0.907411 -0.0272011 -6.41244 -99.7942
-85.2251 -98.63 55.6879 0.366874 0.907703 0.0471647 -5.90517 -99.8255
-60.6118 -93.1073 55.3728 0.400285 0.900149 -0.151332 -3.65008 -99.9332
-85.2251 -98.63 55.6879 0.366874 0.907703 0.0471647 -5.90517 -99.8255
-84.1015 -93.3296 55.3728 0.366865 0.900916 0.0562982 -5.94571 -99.8231
-60.6118 -93.1073 55.3728 0.400285 0.900149 -0.151332 -3.65008 -99.9332
-64.3186 -84.5345 55.3728 0.395236 0.888517 -0.407862 -0.176335 -99.999
85.3277 -84.2598 54.762 0.598427 0.887858 -0.0420987 -6.19653 -99.8078
-60.6118 -93.1073 55.3728 0.400285 0.900149 -0.151332 -3.65008 -99.9332
85.3271 -98.63 55.6879 0.598451 0.907411 -0.0272011 -6.41244 -99.7942
-60.6118 -93.1073 55.3728 0.400285 0.900149 -0.151332 -3.65008 -99.9332
85.3277 -84.2598 54.762 0.598427 0.887858 -0.0420987 -6.19653 -99.8078
104.932 71.3964 27.0092 0.289204 0.582997 1.535 -99.9882 0.0035738
97.5759 71.4579 27.3788 0.278215 0.582929 -0.824001 -99.9963 0.235997
98.0029 71.2383 -64.2064 0.274984 0.458613 1.42704 -99.9898 0.064983
104.932 71.3964 27.0092 0.289204 0.582997 1.535 -99.9882 0.0035738
98.0029 71.2383 -64.2064 0.274984 0.458613 1.42704 -99.9898 0.064983
108.504 71.3998 -65.0077 0.289203 0.457082 19.5241 -98.0755 0.0787862
97.8971 61.3285 55.3728 0.210739 0.909968 1.1241 -57.6892 81.6743
97.2294 -71.6305 -38.5749 0.0987036 0.719408 0.674258 -57.7079 81.666
105.042 -71.5048 -38.5506 0.107904 0.713965 0.686583 -57.7075 81.6663
97.8971 61.3285 55.3728 0.210739 0.909968 1.1241 -57.6892 81.6743
105.042 -71.5048 -38.5506 0.107904 0.713965 0.686583 -57.7075 81.6663
104.747 61.4228 55.3439 0.219243 0.904321 1.13816 -57.6886 81.6745
104.932 71.3964 27.0092 0.247026 0.875587 99.9926 0.781988 -0.935942
105.188 70.2046 55.0903 0.231063 0.909223 99.9655 -1.41732 2.2132
105.189 -70.7863 -64.3087 0.123164 0.682751 99.9902 0.770026 -1.172
104.932 71.3964 27.0092 0.247026 0.875587 99.9926 0.781988 -0.935942
105.189 -70.7863 -64.3087 0.123164 0.682751 99.9902 0.770026 -1.172
104.877 -59.3784 -64.4889 0.137465 0.688839 99.8891 2.67113 -3.87787
105.188 70.2046 55.0903 0.231063 0.909223 99.9655 -1.41732 2.2132
105.042 -71.5048 -38.5506 0.107904 0.713965 99.9964 -0.535343 0.6537
105.189 -70.7863 -64.3087 0.123164 0.682751 99.9902 0.770026 -1.172
105.188 70.2046 55.0903 0.231063 0.909223 99.9655 -1.41732 2.2132
104.747 61.4228 55.3439 0.219243 0.904321 99.6312 -4.80178 7.11048
105.042 -71.5048 -38.5506 0.107904 0.713965 99.9964 -0.535343 0.6537
104.877 -59.3784 -64.4889 0.148925 0.675336 10.5945 0.243902 99.4369
105.189 -70.7863 -64.3087 0.134585 0.66934 21.0726 2.12051 97.7315
108.504 -71.5076 -65.0077 0.135563 0.66474 19.5926 1.66449 98.0478
108.504 -71.5076 -65.0077 0.135563 0.66474 19.5926 1.66449 98.0478
108.504 71.3998 -65.0077 0.31282 0.743684 7.47954 -0.1834 99.7197
104.877 -59.3784 -64.4889 0.148925 0.675336 10.5945 0.243902 99.4369
97.9464 -57.0534 -64.4694 0.147644 0.685863 0.721439 0.35973 99.9967
104.877 -59.3784 -64.4889 0.148925 0.675336 10.5945 0.243902 99.4369
108.504 71.3998 -65.0077 0.31282 0.743684 7.47954 -0.1834 99.7197
98.0029 71.2383 -64.2064 0.306804 0.756659 7.61198 -0.207813 99.7097
97.9464 -57.0534 -64.4694 0.147644 0.685863 0.721439 0.35973 99.9967
108.504 71.3998 -65.0077 0.31282 0.743684 7.47954 -0.1834 99.7197
-84.9364 -84.4807 36.1495 0.353154 0.840713 -57.3601 -6.55475 -81.6508
58.7535 -84.448 -63.865 0.549598 0.70686 -57.1154 2.13518 -82.0565
59.1741 -93.2306 -64.3863 0.557037 0.716225 -57.1305 1.84667 -82.053
-84.9364 -84.4807 36.1495 0.353154 0.840713 -57.3601 -6.55475 -81.6508
59.1741 -93.2306 -64.3863 0.557037 0.716225 -57.1305 1.84667 -82.053
-85.2257 -92.9409 37.06 0.359551 0.850832 -57.3608 -6.82352 -81.6283
85.3277 -84.5239 -47.3925 0.598544 0.749152 57.6937 -4.55519 81.5517
-64.3186 -84.5345 55.3728 0.395236 0.888517 54.985 23.775 80.0712
-60.6118 -93.1073 55.3728 0.391882 0.876286 55.115 23.0457 80.195
85.3277 -84.5239 -47.3925 0.598544 0.749152 57.6937 -4.55519 81.5517
-60.6118 -93.1073 55.3728 0.391882 0.876286 55.115 23.0457 80.195
85.2444 -93.2877 -47.9199 0.592084 0.739133 57.7031 -5.4524 81.49
-108.471 -71.4971 -92.8475 0.649242 0.790883 -99.9997 1.49499e-08 0.249369
-108.402 -71.5076 -65.0077 0.687043 0.790647 -99.9997 1.1366e-08 0.249366
-108.402 71.3998 -65.0077 0.688181 0.984686 -99.9997 3.70452e-08 0.249388
-108.471 -71.4971 -92.8475 0.649242 0.790883 -99.9997 1.49499e-08 0.249369
-108.402 71.3998 -65.0077 0.688181 0.984686 -99.9997 3.70452e-08 0.249388
-108.471 71.3892 -92.8475 0.65038 0.984894 -99.9997 4.06309e-08 0.249391
-104.638 59.0366 -64.2494 0.692819 0.967185 -11.8247 0.02063 99.2984
-108.402 71.3998 -65.0077 0.688181 0.984686 -18.3289 0.449433 98.3049
-108.402 -71.5076 -65.0077 0.687043 0.790647 -5.60617 -0.418301 99.8419
-104.638 59.0366 -64.2494 0.692819 0.967185 -11.8247 0.02063 99.2984
-108.402 -71.5076 -65.0077 0.687043 0.790647 -5.60617 -0.418301 99.8419
-97.9926 -71.2471 -64.4509 0.701199 0.790916 -5.06097 -0.412581 99.871
-104.638 59.0366 -64.2494 0.692819 0.967185 -11.8247 0.02063 99.2984
-105.362 70.9411 -64.4505 0.692374 0.984039 -17.9469 0.569984 98.3747
-108.402 71.3998 -65.0077 0.688181 0.984686 -18.3289 0.449433 98.3049
-97.8555 59.5215 -64.4509 0.702468 0.96847 2.96938 -0.00309905 99.9559
-104.638 59.0366 -64.2494 0.692819 0.967185 -11.8247 0.02063 99.2984
-97.9926 -71.2471 -64.4509 0.701199 0.790916 -5.06097 -0.412581 99.871
-104.612 -61.4185 55.253 0.890984 0.814307 -8.90614 0.00512413 -99.6026
-105.403 -71.2161 55.3728 0.891795 0.80142 -14.7999 -0.0150406 -98.8988
-108.209 -71.563 55.7928 0.895646 0.800935 -14.8097 -0.011468 -98.8973
-104.612 -61.4185 55.253 0.890984 0.814307 -8.90614 0.00512413 -99.6026
-108.209 -71.563 55.7928 0.895646 0.800935 -14.8097 -0.011468 -98.8973
-108.209 71.4551 55.7928 0.896384 0.995124 -4.16449 0.293153 -99.9128
-97.452 -62.5575 55.3727 0.881051 0.813219 1.67109 0.0028021 -99.986
-104.612 -61.4185 55.253 0.890984 0.814307 -8.90614 0.00512413 -99.6026
-97.6666 71.1083 55.3728 0.882056 0.994709 -3.78118 0.288507 -99.9281
-104.612 -61.4185 55.253 0.890984 0.814307 -8.90614 0.00512413 -99.6026
-108.209 71.4551 55.7928 0.896384 0.995124 -4.16449 0.293153 -99.9128
-97.6666 71.1083 55.3728 0.882056 0.994709 -3.78118 0.288507 -99.9281
-105.403 -71.2161 55.3728 0.872177 0.795426 -99.9033 2.44339 3.656
-104.612 -61.4185 55.253 0.872333 0.808337 -98.9778 8.13063 11.7167
-104.796 71.4579 -38.5038 0.746471 0.989636 -99.9551 1.93316 2.29132
-105.403 -71.2161 55.3728 0.872177 0.795426 -99.9033 2.44339 3.656
-104.796 71.4579 -38.5038 0.746471 0.989636 -99.9551 1.93316 2.29132
-105.362 70.9411 -64.4505 0.711224 0.989904 -99.9684 -1.27273 -2.16784
-104.937 -70.3204 26.6859 0.833935 0.795207 -99.9731 -1.46289 -1.80128
-105.403 -71.2161 55.3728 0.872177 0.795426 -99.9033 2.44339 3.656
-105.362 70.9411 -64.4505 0.711224 0.989904 -99.9684 -1.27273 -2.16784
-104.937 -70.3204 26.6859 0.833935 0.795207 -99.9731 -1.46289 -1.80128
-105.362 70.9411 -64.4505 0.711224 0.989904 -99.9684 -1.27273 -2.16784
-104.638 59.0366 -64.2494 0.711059 0.973046 -99.3878 -6.19892 -9.14482
-97.8555 59.5215 -64.4509 0.702468 0.96847 1.5459 -57.5005 -81.8004
-97.9714 -71.6305 27.3528 0.825843 0.789504 -2.9407 -57.3184 -81.8899
-104.937 -70.3204 26.6859 0.833935 0.795207 -2.8295 -57.3243 -81.8897
-97.8555 59.5215 -64.4509 0.702468 0.96847 1.5459 -57.5005 -81.8004
-104.937 -70.3204 26.6859 0.833935 0.795207 -2.8295 -57.3243 -81.8897
-104.638 59.0366 -64.2494 0.711059 0.973046 1.68163 -57.5042 -81.7951
-85.1923 98.5147 -65.4415 0.586295 0.28267 -1.1535e-07 99.9999 -0.156887
85.2943 98.5147 -65.4414 0.354829 0.27944 -1.11901e-06 99.9999 -0.156887
85.2873 98.471 -93.2849 0.355366 0.241637 -1.0037e-06 99.9999 -0.156887
-85.1923 98.5147 -65.4415 0.586295 0.28267 -1.1535e-07 99.9999 -0.156887
85.2873 98.471 -93.2849 0.355366 0.241637 -1.0037e-06 99.9999 -0.156887
-85.1854 98.471 -93.2849 0.586813 0.244867 0 99.9999 -0.156887
85.2197 84.5882 37.7701 0.353154 0.437624 57.165 -11.137 -81.2904
-58.6774 85.9986 -64.4255 0.55027 0.30163 57.88 -1.90801 -81.5246
-58.3873 93.1228 -64.3863 0.556926 0.311636 57.8662 -2.1783 -81.5277
85.2197 84.5882 37.7701 0.353154 0.437624 57.165 -11.137 -81.2904
-58.3873 93.1228 -64.3863 0.556926 0.311636 57.8662 -2.1783 -81.5277
85.7458 92.6036 37.0176 0.360234 0.44742 57.1394 -11.3808 -81.2747
62.294 73.228 79.9367 0.211599 0.572685 -1.91494 2.2271 99.9569
-84.8918 -53.1579 80.3849 0.0107638 0.401496 0.303483 0.00121404 99.9995
-84.8128 -73.3762 80.3849 0.0113338 0.373568 0.0626691 0.103979 99.9999
62.294 73.228 79.9367 0.211599 0.572685 -1.91494 2.2271 99.9569
-84.8128 -73.3762 80.3849 0.0113338 0.373568 0.0626691 0.103979 99.9999
84.9148 73.2684 80.385 0.241791 0.572685 -0.212978 0.344681 99.9992
-64.2985 -73.4765 80.3849 0.0394958 0.373568 0.037931 -0.0385872 100
84.9148 73.2684 80.385 0.241791 0.572685 -0.212978 0.344681 99.9992
-84.8128 -73.3762 80.3849 0.0113338 0.373568 0.0626691 0.103979 99.9999
-64.2985 -73.4765 80.3849 0.0394958 0.373568 0.037931 -0.0385872 100
84.5213 54.8825 80.1287 0.241791 0.547092 1.40011 -1.42381 99.9801
84.9148 73.2684 80.385 0.241791 0.572685 -0.212978 0.344681 99.9992
62.0627 73.3877 72.082 0.203891 0.580956 -65.1064 75.8275 3.36865
-84.9102 -53.1391 71.5745 0.00257646 0.411212 -65.2428 75.7845 0.298178
-84.8918 -53.1579 80.3849 0.0107638 0.401496 -65.24 75.7866 0.379797
62.0627 73.3877 72.082 0.203891 0.580956 -65.1064 75.8275 3.36865
-84.8918 -53.1579 80.3849 0.0107638 0.401496 -65.24 75.7866 0.379797
62.294 73.228 79.9367 0.211599 0.572685 -65.1014 75.8277 3.45931
83.7488 53.7777 71.6445 0.249425 0.538197 65.2669 -75.665 3.87853
84.5213 54.8825 80.1287 0.241791 0.547092 65.2672 -75.6631 3.91012
-64.2985 -73.4765 80.3849 0.0394958 0.373568 65.2524 -75.7282 2.71326
83.7488 53.7777 71.6445 0.249425 0.538197 65.2669 -75.665 3.87853
-64.2985 -73.4765 80.3849 0.0394958 0.373568 65.2524 -75.7282 2.71326
-63.9662 -73.4955 71.7541 0.0471294 0.364674 65.2519 -75.7299 2.67853
85.0205 -73.4955 71.7541 0.249425 0.364675 -2.40043e-05 0.0861318 100
83.7488 53.7777 71.6445 0.249425 0.538197 -2.40043e-05 0.0861318 100
-63.9662 -73.4955 71.7541 0.0471294 0.364674 -2.40043e-05 0.0861318 100
-84.353 73.3877 72.082 0.00509656 0.582997 -1.22098e-05 -0.401083 99.9992
-84.9102 -53.1391 71.5745 0.00257646 0.411212 -1.22098e-05 -0.401083 99.9992
62.0627 73.3877 72.082 0.203891 0.580956 -1.22098e-05 -0.401083 99.9992
-85.0478 86.2598 -47.9284 0.598658 0.344985 0.0139278 99.9804 1.9784
-85.2257 84.2256 54.8737 0.598499 0.482041 0.0139278 99.9804 1.9784
60.7796 84.1974 55.2752 0.400251 0.482356 0.0139278 99.9804 1.9784
-97.8261 71.4579 -38.4908 0.754612 0.995889 -99.9997 -0.160519 0.169335
-97.452 -62.5575 55.3727 0.881051 0.813219 -99.9997 -0.160519 0.169335
-97.6666 71.1083 55.3728 0.882056 0.994709 -99.9997 -0.160519 0.169335
-97.9714 -71.6305 27.3528 0.825843 0.789504 -99.9999 0.104857 0.0235935
-97.8555 59.5215 -64.4509 0.702468 0.96847 -99.9999 0.104857 0.0235935
-97.9926 -71.2471 -64.4509 0.701199 0.790916 -99.9999 0.104857 0.0235935
-84.9464 -84.4901 -64.4509 0.354499 0.704124 0.0292767 -100 0.00930363
58.7535 -84.448 -63.865 0.549598 0.70686 0.0292767 -100 0.00930363
-84.9364 -84.4807 36.1495 0.353154 0.840713 0.0292767 -100 0.00930363
-64.3186 -84.5345 55.3728 0.395236 0.888517 0.184618 -99.9995 0.258495
85.3277 -84.5239 -47.3925 0.598544 0.749152 0.184618 -99.9995 0.258495
85.3277 -84.2598 54.762 0.598427 0.887858 0.184618 -99.9995 0.258495
98.2044 -71.6305 55.3312 0.0462253 0.835622 99.9943 0.231439 -1.03818
97.2294 -71.6305 -38.5749 0.0987036 0.719408 99.9943 0.231439 -1.03818
97.8971 61.3285 55.3728 0.210739 0.909968 99.9943 0.231439 -1.03818
97.9464 -57.0534 -64.4694 0.147644 0.685863 99.9989 -0.0450048 0.466339
98.0029 71.2383 -64.2064 0.306804 0.756659 99.9989 -0.0450048 0.466339
97.5759 71.4579 27.3788 0.25677 0.870506 99.9989 -0.0450048 0.466339
84.8824 84.2467 -64.4305 0.355111 0.298867 1.2202 99.992 -0.338097
-58.6774 85.9986 -64.4255 0.55027 0.30163 1.2202 99.992 -0.338097
85.2197 84.5882 37.7701 0.353154 0.437624 1.2202 99.992 -0.338097
-86.1182 72.2308 -81.0499 0.00257719 0.163223 0.0497076 0.0592287 -100
86.2196 72.3418 -80.8571 0.236579 0.163073 0.111789 0.13323 -99.9998
86.2202 -72.3387 -81.0498 0.236579 0.359522 0.0621207 0.0740252 -99.9999
-86.1182 72.2308 -81.0499 0.00257719 0.163223 0.0497076 0.0592287 -100
86.2202 -72.3387 -81.0498 0.236579 0.359522 0.0621207 0.0740252 -99.9999
-86.1182 -72.3387 -81.0499 0.00257646 0.359521 1.38343e-05 -6.72274e-06 -100
85.3277 -73.5087 -93.3194 0.586884 0.616089 1.6186e-07 99.5484 -9.49306
-85.2257 -73.5087 -93.3195 0.355323 0.613043 3.70578e-06 99.5484 -9.49307
-86.1182 -72.3387 -81.0499 0.354332 0.596293 3.52831e-06 99.5484 -9.49307
85.3277 -73.5087 -93.3194 0.586884 0.616089 1.6186e-07 99.5484 -9.49306
-86.1182 -72.3387 -81.0499 0.354332 0.596293 3.52831e-06 99.5484 -9.49307
86.2202 -72.3387 -81.0498 0.588316 0.599371 0 99.5484 -9.49307
